00000000000000000000000000000000
00000000000000000000000000000000
00000000000011111111100000000000
00000000000011111111100000000000
00000001111111111111111110000000
00000001111111111111111110000000
00000111111111111111111111110000
00000111111111111111111111110000
00000111111111111111111111110000
00111111100000111111111000001100
00111111100000111111111000001100
00111110000000001111100000000000
00111110000000001111100000000000
00111110000011111111100001111100
00111110000011111111100001111100
11111110000011111111100001111111
11111110000011111111100001111111
11111111100000111111111000001111
11111111100000111111111000001111
11111111111111111111111111111111
11111111111111111111111111111111
11111111111111111111111111111111
11111111111111111111111111111111
11111111111111111111111111111111
11111111111111111111111111111111
11111111111111111111111111111111
11111111111111111111111111111111
11111001111111000011111110001111
11111001111111000011111110001111
11000000011111000011111000000011
11000000011111000011111000000011
00000000000000000000000000000000